#Adding data #1
rotationRB1 = [
0.000541568   -0.954187    -0.29921;
0.000269055     0.29921   -0.954187;
          1 0.000436306 0.000418723];
translationRB1 = [
-0.140038;
-0.446584;
0.709773];
rotationCB1 = [
 -0.992295 -0.0125026  -0.123265;
 -0.061114   0.914833   0.399182;
  0.107776   0.403639  -0.908548];
translationCB = [
-0.301678;
-0.157936;
1.27886];
#[ INFO] [1312534888.063085719]: Waiting to read ROBOT pose ...
#Checkerboard found. Measurements Updated.
3Adding data #2

rotationRB2 = [
0.000553727   -0.999936  -0.0113266;
0.000269026   0.0113268   -0.999936;
          1 0.000550598 0.000275254];

translationRB2 = [
-0.00530119;
-0.467998;
0.709768];

rotationCB2 = [
  -0.999987   0.0044971 -0.00223039;
 0.00347107    0.940438    0.339949;
 0.00362632    0.339937   -0.940441];

translationCB2 = [
0.235789;
-0.141168;
1.44869];

#[ INFO] [1312534909.733097367]: Waiting to read ROBOT pose ...
#Checkerboard found. Measurements Updated.
#Adding data #3

rotationRB3 = [
0.000569344   -0.959421    0.281977;
0.000269026   -0.281976   -0.959421;
          1 0.000622153 9.75132e-05];

translationRB3 = [
0.131974;
-0.44904;
0.709761];

rotationCB3 = [
  0.992042 -0.0175784   0.124671;
-0.0660502  -0.915668   0.396472;
  0.107188  -0.401552  -0.909542];

translationCB3 = [
0.266264;
0.550079;
1.59307];

Performing Estimation...
Ar1
           1 -1.15211e-05 -3.62075e-06
 1.21589e-05     0.957515     0.288383
 1.07946e-07    -0.288383     0.957515
Ar2
           1 -1.57295e-05  -1.6691e-07
 1.49826e-05     0.956166     0.292826
-4.40349e-06    -0.292826     0.956166
Br1
  0.992461  0.0171416   0.121355
-0.0252992   0.997499  0.0660024
  -0.11992 -0.0685749   0.990412
Br2
 -0.991871 -0.0212177   -0.12547
 0.0129437   -0.99771  0.0663952
 -0.126592  0.0642314   0.989873
alpha1
-0.292538
-1.8912e-06
1.20106e-05
alpha2
-0.297181
2.1498e-06
1.55844e-05
beta1
-0.0675097
0.121034
-0.0212901
beta2
-0.197405
0.102301
3.11655
Astylish
   -0.292538    -0.297181 -5.52937e-11
 -1.8912e-06   2.1498e-06  9.89717e-07
 1.20106e-05  1.55844e-05 -1.19093e-06
Bstylish
-0.0675097 -0.197405  0.379385
 0.121034  0.102301    0.2146
-0.0212901   3.11655 0.0169863
Xr_est
     1.03594     -1.83382    0.0304568
  8.5288e-06 -1.05908e-05  1.57767e-06
-4.50244e-05  7.40702e-05 -2.82711e-07

