clear; clc;

%Adding data #1
rotRB1 = [ -0.0482531   0.995811  0.0776676
  0.213681  0.0862495  -0.973089
 -0.975711 -0.0303584  -0.216948 ]; 
transRB1 = [ -0.0167762
-0.446634
0.595323 ]; 
rotCB1 = [   0.997892 -0.0646412 0.00574441
 0.0636583   0.957814  -0.280251
 0.0126137   0.280026    0.95991 ]; 
transCB1 = [ -0.205909
-0.0532629
1.73997 ]; 

%Adding data #2
rotRB2 = [ -0.209167  0.977182 0.0369553
 0.247076 0.0893763 -0.964866
-0.946152 -0.192687 -0.260133 ]; 
transRB2 = [ -0.044132
-0.434077
0.558457 ]; 
rotCB2 = [  0.973613 -0.221136 0.0563688
 0.228205  0.944464 -0.236452
-0.000950242  0.243076  0.970007 ]; 
transCB2 = [ -0.252173
-0.222185
1.72605 ]; 

%Adding data #3
rotRB3 = [  -0.213034   0.970728  -0.110926
  0.225518 -0.0616131  -0.972289
 -0.950662  -0.232146  -0.205791 ]; 
transRB3 = [ 0.0199578
-0.853794
0.409396 ]; 
rotCB3 = [  0.971428 -0.226793 0.0699475
 0.237328  0.926091  -0.29331
0.00174266   0.30153  0.953455 ]; 
transCB3 = [ -0.397555
-0.20734
1.26362 ]; 

%Adding data #4
rotRB4 = [  0.779471  0.605839  0.159325
 0.272203 -0.098492 -0.957186
-0.564209  0.789467 -0.241683 ]; 
transRB4 = [ 0.0781512
-0.808778
0.456069 ]; 
rotCB4 = [    0.60475   0.790719 -0.0950819
 -0.753606   0.529535  -0.389448
 -0.257595   0.307173   0.916127 ]; 
transCB4 = [ -0.21923
-0.00634326
1.19004 ]; 

%Adding data #5
rotRB5 = [  0.144983  0.976376 -0.160219
 0.350995 -0.202152 -0.914296
-0.925085 0.0763209 -0.372012 ]; 
transRB5 = [ -0.0497107
-0.73584
0.500109 ]; 
rotCB5 = [   0.97961  0.118366  0.162335
-0.0623814  0.947282 -0.314268
-0.190976  0.297734  0.935352 ]; 
transCB5 = [ -0.656168
-0.247559
1.35504 ]; 

%Adding data #6
rotRB6 = [ -0.0226667  0.990215  0.137697
 0.353405  0.136776 -0.925417
-0.935196 0.0276867 -0.353047 ]; 
transRB6 = [ 0.0507887
-0.415581
0.471014 ]; 
rotCB6 = [   0.988994 -0.0247956  -0.145865
-0.0223811   0.949442  -0.313144
  0.146255   0.312962   0.938437 ]; 
transCB6 = [ -0.0394727
-0.402364
1.4247 ]; 

%Adding data #7
rotRB7 = [ 0.0468423   0.98079  0.189361
 0.277055  0.169375 -0.945808
-0.959712 0.0967672 -0.263798 ]; 
transRB7 = [ 0.183421
-0.571612
0.479396 ]; 
rotCB7 = [  0.991736 0.0638945 -0.111256
-0.102046  0.918437 -0.382178
0.0777625  0.390372  0.917367 ]; 
transCB7 = [ 0.11072
-0.200751
1.33769 ]; 

%Adding data #8
rotRB8 = [  0.275017   0.94778 -0.161487
 0.388274 -0.263144 -0.883175
 -0.87955  0.180187 -0.440368 ]; 
transRB8 = [ 0.0156697
-0.551056
0.420338 ]; 
rotCB8 = [  0.938687  0.229263  0.257497
-0.133304  0.930127 -0.342191
-0.317957  0.286885  0.903659 ]; 
transCB8 = [ -0.698693
-0.437323
1.37721 ]; 

%Adding data #9
rotRB9 = [  -0.355784   0.916056  -0.185094
  0.257706 -0.0942115  -0.961619
 -0.898335  -0.389828  -0.202554 ]; 
transRB9 = [ -0.0279348
-0.595124
0.536597 ]; 
rotCB9 = [  0.919211 -0.370284  0.133942
 0.393752  0.867108 -0.305095
-0.00317099  0.333186  0.942856 ]; 
transCB9 = [ -0.550475
-0.285926
1.46947 ]; 

%Adding data #10
rotRB10 = [ -0.196722  0.975811 0.0953605
 0.462586   0.17813 -0.868495
-0.864474  -0.12674 -0.486438 ]; 
transRB10 = [ 0.179038
-0.50828
0.437027 ]; 
rotCB10 = [   0.736858  -0.212549   0.641765
  0.290758   0.956645 -0.0170052
 -0.610328   0.199129   0.766712 ]; 
transCB10 = [ 0.193897
-0.699934
1.55391 ]; 

% M = [ -0.0605385  0.0886394 -0.0584172
%  0.0430129  -0.288944  -0.765155
%  -0.592417   0.313482    2.26197 ];
