clear; clc;
%Adding data #1
rotRB1 = [   0.125258  -0.989626 -0.0703565
 -0.359783   0.020779  -0.932805
   0.92459   0.142154  -0.353448 ]; 
transRB1 = [ -0.0377913
-0.723572
0.459771 ]; 
rotCB1 = [  0.966989  -0.12411  0.222553
 0.191679  0.929754 -0.314351
-0.167905  0.346632  0.922851 ];  
rotCBin1 = [  0.966989  0.191679 -0.167905
 -0.12411  0.929754  0.346632
 0.222553 -0.314351  0.922851 ]; 
transCB1 = [ -0.477176
-0.543088
1.55648 ]; 

%Adding data #2
rotRB2 = [ 0.0139631 -0.994717 -0.101703
-0.463201 0.0837063 -0.882291
 0.886143 0.0594284 -0.459585 ]; 
transRB2 = [ -0.0660855
-0.685453
0.42456 ]; 
rotCB2 = [   0.918788 -0.0252409   0.393944
  0.195444    0.89614  -0.398414
 -0.342973   0.443052   0.828296 ]; 
rotCBin2 = [  0.918788  0.195444 -0.342973
-0.0252409   0.89614  0.443052
 0.393944 -0.398414  0.828296 ]; 
transCB2 = [ -0.577036
-0.7408
1.33347 ]; 


%Adding data #3
rotRB3 = [  0.171124 -0.966613  0.190724
-0.446266 -0.248627 -0.859669
 0.878387 0.0619966 -0.473913 ]; 
transRB3 = [ 0.168064
-0.694067
0.390494 ]; 
rotCB3 = [   0.988703  -0.148704 -0.0187778
  0.141044   0.965445   -0.21914
 0.0507159   0.214016   0.975513 ]; 
rotCBin3 = [  0.988703  0.141044 0.0507159
-0.148704  0.965445  0.214016
-0.0187778  -0.21914  0.975513 ]; 
transCB3 = [ 0.247523
-0.821335
1.45633 ]; 


%Adding data #4
rotRB4 = [ -0.0533645 -0.972569  -0.22641
-0.488575  0.223171 -0.843499
 0.870889 0.0656053 -0.487082 ]; 
transRB4 = [ -0.170137
-0.694346
0.380105 ]; 
rotCB4 = [   0.572595   -0.34484  -0.743788
 -0.633281   0.390129  -0.668397
  0.520663   0.853748 0.00500449 ]; 
rotCBin4 = [  0.572595 -0.633281  0.520663
 -0.34484  0.390129  0.853748
-0.743788 -0.668397 0.0050045 ]; 
transCB4 = [ -0.0721829
0.0794084
-0.130711 ]; 


%Adding data #5
rotRB5 = [ -0.00344956 -0.960198   -0.2793
-0.262639  0.270366 -0.926241
 0.964888   0.07016 -0.253119 ]; 
transRB5 = [ -0.189007
-0.669245
0.542509 ]; 
rotCB5 = [   0.982368 -0.0368726   0.183287
  0.114426   0.893876  -0.433466
 -0.147852   0.446796   0.882334 ]; 
rotCBin5 = [  0.982368  0.114426 -0.147852
-0.0368726  0.893876  0.446796
 0.183287 -0.433466  0.882334 ]; 
transCB5 = [ -1.02937
-0.282935
1.56721 ]; 

%Adding data #6
rotRB6 = [ 0.0593607 -0.992161 -0.109966
-0.157321 0.0994854 -0.982524
 0.985762 0.0756233 -0.150183 ]; 
transRB6 = [ -0.0714333
-0.750571
0.546087 ]; 
rotCB6 = [   0.991225 -0.0563947   0.119555
 0.0953671   0.931375  -0.351349
-0.0915361   0.359668    0.92858 ]; 
rotCBin6 = [   0.991225  0.0953671 -0.0915361
-0.0563947   0.931375   0.359668
  0.119555  -0.351349    0.92858 ]; 
transCB6 = [ -0.653101
-0.0492498
1.74986 ]; 

%Adding data #7
rotRB7 = [  0.398974 -0.915342 0.0544808
-0.111829 -0.107543 -0.987891
 0.910117  0.388051 -0.145269 ]; 
transRB7 = [ 0.0740855
-0.747387
0.549036 ]; 
rotCB7 = [  0.914951 -0.402682 0.0266721
  0.38868  0.861494 -0.326735
 0.108592  0.309313   0.94474 ]; 
rotCBin7 = [  0.914951   0.38868  0.108592
-0.402682  0.861494  0.309313
0.0266721 -0.326735   0.94474 ]; 
transCB7 = [ -0.161531
-0.061136
1.75533 ]; 

%Adding data #8
rotRB8 = [ -0.259509 -0.956574 -0.132747
-0.389634  0.229479 -0.891922
 0.883652 -0.179739 -0.432266 ]; 
transRB8 = [ -0.0792558
-0.52472
0.521841 ]; 
rotCB8 = [  0.941474  0.230986  0.245505
-0.119861  0.910114 -0.396642
-0.315056  0.344002  0.884535 ]; 
rotCBin8 = [  0.941474 -0.119861 -0.315056
 0.230986  0.910115  0.344002
 0.245505 -0.396642  0.884535 ]; 
transCB8 = [ -0.860217
-0.472193
1.68252 ]; 

%Adding data #9
rotRB9 = [  -0.278282   -0.95739 -0.0772206
 -0.189214   0.133464  -0.972824
  0.941678  -0.256108  -0.218292 ]; 
transRB9 = [ -0.061314
-0.769594
0.487848 ]; 
rotCB9 = [  0.956443  0.275467 0.0966144
-0.227872  0.911386 -0.342711
-0.182459  0.305768   0.93446 ]; 
rotCBin9 = [  0.956443 -0.227872 -0.182459
 0.275467  0.911386  0.305768
0.0966144 -0.342711   0.93446 ]; 
transCB9 = [ -0.6519
-0.00907417
1.74753 ]; 

%Adding data #10
rotRB10 = [   0.376854  -0.925005 -0.0484414
 -0.444308  -0.134631    -0.8857
  0.812756   0.355303  -0.461723 ]; 
transRB10 = [ -0.0120326
-0.41328
0.517851 ]; 
rotCB10 = [  0.836942 -0.364185 -0.408532
 0.257162  0.920612  -0.29384
 0.483111  0.140868  0.864153 ]; 
rotCBin10 = [ 0.836942 0.257162 0.483111
-0.364185 0.920612 0.140868
-0.408532 -0.29384 0.864153 ]; 
transCB10 = [ -0.111554
-0.821608
1.38689 ]; 