clear; clc;
%Adding data #1
rotRB1 = [ -0.303132   0.95263 0.0246303
 0.414333   0.15503 -0.896824
 -0.85816 -0.261651 -0.441701 ]; 
transRB1 = [ 0.0351637
-0.443055
0.568958 ]; 
rotCB1 = [  0.959492 -0.272642  0.071004
 0.280369  0.899218 -0.335858
 0.027721   0.34216  0.939233 ]; 
transCB1 = [ -0.337443
-0.329016
1.11029 ]; 

%Adding data #2
rotRB2 = [ -0.218727  0.953987  0.205102
  0.33939  0.271444 -0.900629
-0.914862 -0.127382 -0.383146 ]; 
transRB2 = [ 0.124915
-0.435938
0.597799 ]; 
rotCB2 = [   0.981359  -0.188893 -0.0354205
  0.163169   0.916298   -0.36575
  0.101543   0.353153   0.930039 ]; 
transCB2 = [ -0.0849822
-0.129951
1.1454 ]; 

%Adding data #3
rotRB3 = [  0.124041  0.970785  0.205404
 0.535355  0.108817 -0.837588
-0.835469  0.213859 -0.506217 ]; 
transRB3 = [ 0.114645
-0.411451
0.520331 ]; 
rotCB3 = [   0.977621   0.191188 -0.0877761
 -0.210236   0.902981  -0.374734
0.00761566   0.384802   0.922968 ]; 
transCB3 = [ -0.222624
-0.320067
0.981835 ]; 

%Adding data #4
rotRB4 = [ -0.428143  0.898027 -0.101198
 0.446144  0.112653 -0.887843
-0.785907 -0.425272 -0.448881 ]; 
transRB4 = [ -0.0128046
-0.43306
0.52799 ]; 
rotCB4 = [  0.895074 -0.418826  0.153057
 0.444927  0.815975 -0.369087
0.0296929   0.39846  0.916705 ]; 
transCB4 = [ -0.414472
-0.512976
0.97021 ]; 

%Adding data #5
rotRB5 = [  -0.276649    0.95778 -0.0782428
  0.340988  0.0217171  -0.939817
 -0.898439  -0.286679    -0.3326 ]; 
transRB5 = [ -0.00189819
-0.452946
0.584119 ]; 
rotCB5 = [  0.960011 -0.258368  0.107816
 0.279961  0.886469 -0.368504
-0.000365994  0.383952  0.923353 ]; 
transCB5 = [ -0.544016
-0.223834
1.12877 ]; 

%Adding data #6
rotRB6 = [ -0.0126319   0.996963 -0.0768488
  0.433857 -0.0637789  -0.898721
 -0.900893  -0.044694  -0.431734 ]; 
transRB6 = [ 0.0909281
-0.360111
0.919825 ]; 
rotCB6 = [   0.999635 0.00917335  0.0254212
0.00273378   0.901484  -0.432804
-0.0268871   0.432716   0.901129 ]; 
transCB6 = [ -0.547398
0.0719877
1.44892 ]; 

%Adding data #7
rotRB7 = [ -0.158777  0.987262 0.0101419
 0.508662 0.0906016 -0.856186
-0.846199 -0.130784 -0.516569 ]; 
transRB7 = [ 0.0124667
-0.403422
0.472132 ]; 
rotCB7 = [   0.98206 -0.125626  0.140625
 0.166459  0.927936 -0.333506
-0.0885938  0.350932  0.932201 ]; 
transCB7 = [ -0.40577
-0.499317
1.02199 ]; 

%Adding data #8
rotRB8 = [ -0.163094  0.980678  0.108038
 0.244775    0.1463 -0.958479
-0.955765 -0.129877 -0.263906 ]; 
transRB8 = [ -0.0384914
-0.185975
0.663638 ]; 
rotCB8 = [  0.988626 -0.138059 0.0596491
 0.149957  0.935106 -0.321075
-0.0114509  0.326368  0.945173 ]; 
transCB8 = [ -0.383598
-0.0300536
1.51159 ]; 

%Adding data #9
rotRB9 = [ -0.511878  0.852504  0.105915
 0.301714  0.293844 -0.906986
-0.804332  -0.43231 -0.407624 ]; 
transRB9 = [ 0.133296
-0.124812
0.647414 ]; 
rotCB9 = [   0.870294  -0.490152 -0.0483621
  0.451216   0.832803  -0.320692
  0.197464   0.257275   0.945948 ]; 
transCB9 = [ -0.0183101
-0.285942
1.40718 ]; 

%Adding data #10
rotRB10 = [  -0.441371   0.896505 -0.0383365
  0.395359   0.155937  -0.905194
 -0.805533  -0.414683  -0.423267 ]; 
transRB10 = [ 0.061194
-0.560043
0.459277 ]; 
rotCB10 = [  0.901302 -0.430732 0.0460939
 0.419132   0.84021 -0.344057
 0.109468  0.329419  0.937817 ]; 
transCB10 = [ -0.286131
-0.411494
0.901034 ];

%Performing Estimation...
%M = [  -0.0117394 -0.00832409  -0.0291576
% -0.0275554  -0.0262416   -0.137271
%  -0.202764  0.00193587    0.783217 ]; x_est = [ -nan -nan -nan
%-nan -nan -nan


