clear; 
clc;
%Adding data #1
rotRB1 = [  0.000162601           -1   7.9751e-05
  0.00516224 -7.89165e-05    -0.999987
    0.999987  0.000162959   0.00516224 ]; 
transRB1 = [ 6.83583e-05
-0.867998
0.311062 ]; 
rotCB1 = [     0.99738 -0.00645895   -0.072056
  0.0175918    0.987764     0.15496
  0.0701734   -0.155822    0.985289 ]; 
transCB1 = [ -0.339352
0.224102
1.89053 ]; 

%Adding data #2
rotRB2 = [  0.223816 -0.969854 0.0963864
-0.456208 -0.191643 -0.868992
 0.861267  0.150522 -0.485348 ]; 
transRB2 = [ 0.188709
-0.816458
0.442519 ]; 
rotCB2 = [  0.977108 -0.190365 0.0949793
 0.211073  0.923295 -0.320896
-0.0266065  0.333598   0.94234 ]; 
transCB2 = [ 0.209049
-0.615042
1.80855 ]; 

%Adding data #3
rotRB3 = [  0.181467 -0.970427  0.159188
-0.158657 -0.188646 -0.969144
 0.970514  0.150612 -0.188198 ]; 
transRB3 = [ 0.190696
-0.825954
0.461314 ]; 
rotCB3 = [   0.977418   -0.18757  0.0973224
  0.190398   0.981492 -0.0205552
-0.0916656   0.038621   0.995041 ]; 
transCB3 = [ 0.186592
0.0287708
1.94353 ]; 

%Adding data #4
rotRB4 = [  0.086171 -0.970292 -0.226073
  -0.4333  0.167832 -0.885485
 0.897121   0.17426 -0.405965 ]; 
transRB4 = [ -0.141669
-0.845152
0.346676 ]; 
rotCB4 = [  0.953986 -0.147569 -0.261027
0.0637732  0.950454 -0.304254
 0.292992  0.273608   0.91613 ]; 
transCB4 = [ -0.806804
-0.657932
1.62296 ]; 

%Adding data #5
rotRB5 = [  0.138391 -0.969516 -0.202206
 -0.13685  0.183492 -0.973449
 0.980877  0.162388 -0.107284 ]; 
transRB5 = [ -0.108919
-0.833601
0.488633 ]; 
rotCB5 = [  0.950696 -0.131403  -0.28091
  0.13856  0.990338 0.0056772
  0.27745  -0.04432  0.959717 ]; 
transCB5 = [ -0.843235
0.0463131
1.81196 ]; 

%Adding data #6
rotRB6 = [   0.150689  -0.985697  0.0754594
 -0.116902 -0.0935628  -0.988726
  0.981645   0.140169  -0.129329 ]; 
transRB6 = [ -0.246132
-0.59494
0.53238 ]; 
rotCB6 = [   0.987577  -0.157088 0.00374846
  0.156971   0.987361  0.0218571
-0.00713458 -0.0209972   0.999754 ]; 
transCB6 = [ -0.415048
0.0697158
2.2216 ]; 

%Adding data #7
rotRB7 = [  0.373557  -0.92377 0.0842859
-0.493904 -0.274991 -0.824887
 0.785184  0.266513 -0.558979 ]; 
transRB7 = [ 0.14129
-0.422921
0.65082 ]; 
rotCB7 = [  0.931363 -0.306015  0.197278
 0.361667  0.840026 -0.404417
-0.0419605  0.448008  0.893044 ]; 
transCB7 = [ 0.358962
-0.789948
2.17721 ]; 

%Adding data #8
rotRB8 = [  0.585583 -0.802087  0.117259
-0.0865911 -0.205721 -0.974772
 0.805975  0.560656  -0.18992 ]; 
transRB8 = [ -0.131481
-0.574505
0.565868 ]; 
rotCB8 = [   0.805294  -0.590567  0.0522696
  0.591816   0.805993 -0.0113415
-0.0354311  0.0400672   0.998569 ]; 
transCB8 = [ -0.125125
-0.080021
2.24169 ]; 

%Adding data #9
rotRB9 = [   0.91621 -0.383065 -0.117557
-0.213675 -0.218891 -0.952066
 0.338971  0.897412 -0.282401 ]; 
transRB9 = [ 0.00946478
-0.459026
0.604952 ]; 
rotCB9 = [     0.383 -0.922938 0.0386923
 0.899991  0.363385 -0.240764
  0.20815  0.127036  0.969812 ]; 
transCB9 = [ 0.0229662
-0.575556
2.23825 ]; 

%Adding data #10
rotRB10 = [  0.0976109  -0.995162 -0.0111535
 -0.639924 -0.0541762  -0.766526
  0.762214  0.0819587  -0.642116 ]; 
transRB10 = [ 0.0639755
-0.395401
0.855322 ]; 
rotCB10 = [   0.995873 -0.0889531 -0.0180333
 0.0658704   0.845028  -0.530649
 0.0624416   0.527271     0.8474 ]; 
transCB10 = [ -0.186783
-0.968446
2.19328 ]; 